############### 5. INTERMEDIATE (STAGE-1) MAPREDUCE OUTPUT ###############
This is what the two-stage workflow hands from job 1 to job 2.

$ hdfs dfs -ls -h /taxi_project/output/revenue
2026-08-29 18:23:59,512 WARN util.NativeCodeLoader: Unable to load native-hadoop library for your platform... using builtin-java classes where applicable
Found 2 items
-rw-r--r--   1 root supergroup          0 2026-08-29 17:53 /taxi_project/output/revenue/_SUCCESS
-rw-r--r--   1 root supergroup     14.7 K 2026-08-29 17:53 /taxi_project/output/revenue/part-00000

$ hdfs dfs -cat /taxi_project/output/revenue/part-00000 | head -12
001	327	30898.46	3665.32	36072.89	94.49	11.21	1.82	60.61
002	25	1228.64	83.68	1450.35	49.15	3.35	11.53	5.03
003	1364	48717.17	151.23	53627.58	35.72	0.11	9.36	4.20
004	44820	947147.20	44018.93	1249437.44	21.13	0.98	3.18	8.76
005	4	108.52	0.00	115.02	27.13	0.00	5.92	4.85
006	262	5728.83	56.85	9304.80	21.87	0.22	6.47	5.49
007	25691	708044.90	12921.23	853446.83	27.56	0.50	5.19	6.41
008	98	4271.73	519.67	5458.00	43.59	5.30	5.41	10.30
009	477	15308.19	188.17	17786.01	32.09	0.39	7.78	4.80
010	5562	281135.22	25613.48	336073.60	50.55	4.61	10.12	5.97
011	952	32987.97	110.02	35122.76	34.65	0.12	8.36	4.41
012	1951	52952.06	6287.74	70691.27	27.14	3.22	4.47	8.10

############### 6. FINAL (STAGE-2) RESULT ###############
$ hdfs dfs -cat /taxi_project/output/top10_revenue_zones/part-00000
1	132	405577	25062436.24	3733774.83	32399670.15	61.79	9.21	15.13	5.28
2	138	247881	11028865.19	2365000.95	17322967.97	44.49	9.54	9.59	7.29
3	161	426203	7718487.88	1296039.44	11655303.73	18.11	3.04	2.29	11.93
4	237	457903	6384811.85	1195742.12	10011137.58	13.94	2.61	1.80	12.12
5	236	427054	6325023.45	1103861.11	9636658.38	14.81	2.58	2.00	11.27
6	230	297306	6059460.30	938556.93	8924065.32	20.38	3.16	2.85	10.52
7	186	316687	5529290.69	983028.85	8338171.06	17.46	3.10	2.30	11.47
8	162	315246	5349198.86	960796.50	8222422.36	16.97	3.05	2.25	11.62
9	079	286813	5253198.61	562869.33	7496084.45	18.32	1.96	2.52	10.39
10	068	259903	4958104.35	734604.95	7265021.91	19.08	2.83	2.58	10.85
